         15
1457509834_pepito_marta
pepito
marta
1457509834 1459700696
1
1 10 12
12 12 10 10 10 12 0
0 12 0 10 12 0 0
0 12 0 10 0 0 0
0 0 0 10 0 0 0
0 0 0 0 0 0 0
0 0 0 0 0 0 0
1458122999_marta_alvaro
marta
alvaro
1457602979 1458122999
1
0 10 1
12 0 0 0 0 0 0
0 0 0 0 0 0 0
0 0 0 0 0 0 0
0 0 0 0 0 0 0
0 0 0 0 0 0 0
0 0 0 0 0 0 0
1458124613_luis_alvaro
luis
alvaro
1458124613 1461849878
1
0 12 2
10 0 0 12 0 0 0
0 0 0 0 0 0 0
0 0 0 0 0 0 0
0 0 0 0 0 0 0
0 0 0 0 0 0 0
0 0 0 0 0 0 0
1458125113_marta_susana
marta
susana
1458125113 1461740140
1
0 10 1
0 0 12 0 0 0 0
0 0 0 0 0 0 0
0 0 0 0 0 0 0
0 0 0 0 0 0 0
0 0 0 0 0 0 0
0 0 0 0 0 0 0
1460539293_enrique_pepito
enrique
pepito
1460539293 1460539384
1
0 10 1
0 0 0 12 0 0 0
0 0 0 0 0 0 0
0 0 0 0 0 0 0
0 0 0 0 0 0 0
0 0 0 0 0 0 0
0 0 0 0 0 0 0
1461740021_david_alvaro
david
alvaro
1461740021 1461740436
1
0 10 1
0 0 0 12 0 0 0
0 0 0 0 0 0 0
0 0 0 0 0 0 0
0 0 0 0 0 0 0
0 0 0 0 0 0 0
0 0 0 0 0 0 0
1461742124_susana_alvaro
susana
alvaro
1461742124 1462284469
1
0 12 4
12 10 0 0 0 0 0
12 10 0 0 0 0 0
0 0 0 0 0 0 0
0 0 0 0 0 0 0
0 0 0 0 0 0 0
0 0 0 0 0 0 0
1407509979_alvaro_pepito
alvaro
pepito
1407509979 1462285512
1
0 12 8
12 10 10 0 0 0 0
12 10 10 0 0 0 0
12 12 0 0 0 0 0
0 0 0 0 0 0 0
0 0 0 0 0 0 0
0 0 0 0 0 0 0
1461864279_enrique_alvaro
enrique
alvaro
1461864279 1462350485
1
1 12 7
12 10 10 0 0 0 0
12 10 0 0 0 0 0
12 0 0 0 0 0 0
12 0 0 0 0 0 0
0 0 0 0 0 0 0
0 0 0 0 0 0 0
1462284589_enrique_susana
enrique
susana
1462284589 1462350804
1
1 12 7
0 0 12 12 12 12 0
0 0 0 10 10 0 0
0 0 0 10 0 0 0
0 0 0 0 0 0 0
0 0 0 0 0 0 0
0 0 0 0 0 0 0
1462351117_susana_enrique
susana
enrique
1462351117 1462351242
1
1 12 7
12 10 10 0 10 0 0
12 0 0 0 0 0 0
12 0 0 0 0 0 0
12 0 0 0 0 0 0
0 0 0 0 0 0 0
0 0 0 0 0 0 0
1462848143_luis_enrique
luis
enrique
1462848143 1462848183
1
0 12 0
0 0 0 0 0 0 0
0 0 0 0 0 0 0
0 0 0 0 0 0 0
0 0 0 0 0 0 0
0 0 0 0 0 0 0
0 0 0 0 0 0 0
1461857797_isabel_alvaro
isabel
alvaro
1461857797 1461864320
1
0 12 4
12 10 0 0 0 0 0
12 10 0 0 0 0 0
0 0 0 0 0 0 0
0 0 0 0 0 0 0
0 0 0 0 0 0 0
0 0 0 0 0 0 0
1462432842_susana_alvaro
susana
alvaro
1462432842 1464479213
1
1 12 7
10 10 0 12 0 0 10
0 0 0 12 0 0 0
0 0 0 12 0 0 0
0 0 0 12 0 0 0
0 0 0 0 0 0 0
0 0 0 0 0 0 0
1462432860_enrique_susana
enrique
susana
1462432860 1464481223
1
2 10 42
12 10 12 12 12 10 12
10 12 10 10 12 10 10
10 12 10 12 10 12 12
12 10 10 12 10 12 10
12 12 12 10 12 10 12
10 10 12 10 10 10 12
